              12
1970  1.45173212
1971  5.09340196
1972  4.00903834
1973  4.70218195
1974  5.88376991
1975  1.81311435
1976 10.22279235
1977 12.51537098
1978  8.48202985
1979  7.72319309
1980  3.73762397
1981  2.71597951
1982  4.30151316
1983 10.88021345
1984  1.43310227
1985  4.29491184
1986 10.14350940
1987  0.73063451
1988  0.59973921
1989  7.94499921
1990  6.13421251
1991  7.29498150
1992 11.81721259
1993  0.78222018
1994  7.25422651
1995 45.97227965
1996 10.41339298
1997 33.18070489
1998  1.48336586
1999  0.75667440
2000  6.77363192
2001 10.33010972
2002  3.26410471
2003  0.88439360
2004  2.00650677
2005  1.48663145
2006  1.23650924
2007  3.75607312
2008  0.13528190
2009  7.56742159
2010  0.03143399
